1.21
2.62
3.65
4.70
5.72
6.86
7.88
8.58
9.0
10.14
11.09
11.75
12.15
12.92
13.22
14.20
15.27
16.25
17.35
17.7
18.4
19.82
20.43
21.22
21.65
23.37
24.02
25.2
25.7
25.76
26.91
27.6
29.64
30
31.05
32.09
33.10
34.07
34.72
35.17
36.16
37.26
37.89
39.03
40.42
42.32
43.51
44.38
45.32
45.67
46.02
46.36
47.28
48.12
49.1
49.47
49.85
50.34
51.46
52.48
53.41
54.16
55.64
56.62
57.47
57.84
58.28
58.9
59.93
60.69
61.15
62.32
63.03
63.42
64.44
65.47
66.56
67.68
68.89
69.6
70.2
71.2
72.6
74.91
77.03
79.25
81.13
81.58
82.83
83.79
84.88
85.91
86.61
86.96
88.02
89.06
90.81
91.9
92.61
92.95
93.68
95.47
96.2
96.91
97.62
98.72
99.8
100.77
101.88
102.84
103.48
103.85
105
106
106.98
108
109.12
109.84
110.53
111.24
112.43
113.43
114.4
115.5
116.7
117.5
118.46
119.18
119.46
120.0
121.5
122.3
122.7
123.65
124.82
125.79
126.79
127.73
128.77
129.78
130.4
130.77
131.52
132.27
133.37
134.07
134.52
135.53
136.55
137.2
137.66
138.68
139.78
140.71
141.21
141.98
143.06
143.56
145.41
146.58