1.34
2.5
3.5
4.6
5.58
6.55
7.42
8.28
9.22
10.6
11.13
12.02
12.81
13.76
14.72
15.22
16.12
16.59
19.92
20.78
21.69
22.68
24.00
24.53
25.36
26.2
27.63
28.16
29.4
29.84
30.12
31.08
32.34
34.66
35.95
37.2
38.34
39.28
40.23
41.18
42.06
42.56
42.99
44.41
44.96
45.89
46.81
47.75
48.68
49.20
49.71
50.21
50.78
51.79
52.86
53.92
54.87
55.84
56.37
56.88
57.80
58.65
59.59
60.6
61.95
62.4
63.74
64.39
65.24
66.24
67.33
67.7
68.25
69.14
70.09
71.02
71.4
72.87
73.77
74.62
75.56
76.46
77.43
78.32
79.11
80
81.4
82.4
83
83.9
84.88
85.75
86.59
87
87.53
88.45
89.39
89.87
90.43
91.17
91.96
92.89
93.74
95.25
95.84
96.9
98.3
99.45
100.78
101.69
102.67
103.53
104.56
105.41
106.35
107.7
108.21
109.5
110
111
112
112.92
113.42
113.97
114.89
116.05
117.05
117.94
118.9
119.84
120.8
121.6
122.6
123.51
124.83
125.34
126.73
127.23
128.13
128.76
129.54